%YAML:1.0
---
vocabulary: !!opencv-matrix
   rows: 10
   cols: 128
   dt: f
   data: [ 1.26896114e+01, 1.15638523e+01, 1.23146257e+01,
       1.17835293e+01, 9.87206459e+00, 6.90413427e+00, 7.89245176e+00,
       1.14190807e+01, 3.26385269e+01, 1.63975487e+01, 1.47984190e+01,
       1.30196991e+01, 9.27946377e+00, 9.15736961e+00, 2.19919815e+01,
       4.66486053e+01, 3.41753502e+01, 1.38998966e+01, 1.07511168e+01,
       7.74183941e+00, 6.03103876e+00, 1.32258615e+01, 4.96746063e+01,
       7.08737793e+01, 2.04872284e+01, 9.83942223e+00, 7.59878588e+00,
       5.40842962e+00, 6.51987171e+00, 1.90226765e+01, 4.61172829e+01,
       4.46602898e+01, 3.32323875e+01, 1.70243950e+01, 1.56442556e+01,
       1.69750309e+01, 1.49027596e+01, 9.79647160e+00, 7.46684217e+00,
       1.47288961e+01, 1.26313477e+02, 2.56814785e+01, 9.25071526e+00,
       7.28633595e+00, 5.36983156e+00, 7.06139040e+00, 3.68567162e+01,
       1.07277855e+02, 5.51980286e+01, 1.15238800e+01, 6.08555698e+00,
       7.28828287e+00, 9.93494415e+00, 3.05260563e+01, 8.93339767e+01,
       1.03322525e+02, 2.49617443e+01, 1.18554573e+01, 8.52468204e+00,
       9.33066082e+00, 1.27687550e+01, 2.78279686e+01, 5.36361237e+01,
       4.62073059e+01, 4.32170410e+01, 1.34142704e+01, 7.35700369e+00,
       1.18809986e+01, 1.60374527e+01, 1.54813881e+01, 1.55284615e+01,
       2.08231583e+01, 1.35709427e+02, 6.43204651e+01, 7.80334425e+00,
       4.13114166e+00, 4.60451269e+00, 6.10456991e+00, 1.32315884e+01,
       5.38997803e+01, 9.01223221e+01, 4.83880424e+01, 2.29295597e+01,
       1.64929562e+01, 1.51955099e+01, 1.99507504e+01, 2.94230900e+01,
       3.65009727e+01, 2.36694527e+01, 1.74367199e+01, 1.60435219e+01,
       1.64148426e+01, 1.65345325e+01, 1.98562584e+01, 2.67797489e+01,
       2.54375210e+01, 2.76967125e+01, 1.13534527e+01, 4.50910521e+00,
       5.55869865e+00, 1.02043295e+01, 1.27989922e+01, 1.67621117e+01,
       2.42891979e+01, 9.11990585e+01, 4.26355515e+01, 7.88386202e+00,
       3.72236848e+00, 4.88191509e+00, 8.44049931e+00, 1.78105602e+01,
       4.62974434e+01, 6.32362823e+01, 4.52157822e+01, 2.01130447e+01,
       1.06921310e+01, 8.35093307e+00, 8.87813473e+00, 1.37374868e+01,
       2.71445408e+01, 1.67398911e+01, 1.92611370e+01, 1.97353096e+01,
       1.80763931e+01, 1.33445187e+01, 1.05561790e+01, 1.17143507e+01,
       1.34020157e+01, 2.31323338e+01, 2.82832966e+01, 2.59427185e+01,
       1.66844749e+01, 7.53650951e+00, 6.76134872e+00, 1.11423979e+01,
       1.68302994e+01, 2.45070648e+01, 3.66397209e+01, 3.81883278e+01,
       2.76634903e+01, 1.44014988e+01, 1.15771942e+01, 1.55350103e+01,
       1.91301918e+01, 3.06715202e+01, 3.17741966e+01, 2.74383297e+01,
       2.20558872e+01, 1.53300848e+01, 1.49731264e+01, 1.80379009e+01,
       2.25508556e+01, 1.85296574e+01, 1.21038542e+01, 1.12117767e+01,
       1.15073872e+01, 1.29182005e+01, 1.61827621e+01, 1.91381149e+01,
       2.11660595e+01, 2.39172363e+01, 3.69389725e+01, 4.80118828e+01,
       3.63155251e+01, 1.33622055e+01, 7.24379015e+00, 8.23907948e+00,
       1.45588865e+01, 3.57105980e+01, 6.22798691e+01, 9.29691620e+01,
       7.64708786e+01, 2.39438972e+01, 7.45363998e+00, 5.94550323e+00,
       9.72269821e+00, 1.22729225e+02, 8.53189468e+01, 4.91885414e+01,
       2.17978573e+01, 7.43961430e+00, 7.48576021e+00, 1.16822271e+01,
       3.53294411e+01, 3.95311546e+01, 1.60309410e+01, 1.13696995e+01,
       1.59359741e+01, 1.83169155e+01, 2.12602787e+01, 2.35963593e+01,
       2.79816914e+01, 1.79711990e+01, 2.42430401e+01, 3.74690552e+01,
       3.96435738e+01, 1.96766586e+01, 1.14473228e+01, 9.95449638e+00,
       1.14512844e+01, 7.28256912e+01, 2.89483929e+01, 3.87981796e+01,
       5.27568512e+01, 3.02289066e+01, 1.79699135e+01, 1.76586723e+01,
       3.11185207e+01, 1.33506210e+02, 5.86843681e+01, 1.81156311e+01,
       1.09132757e+01, 5.97023535e+00, 5.26092052e+00, 8.91627407e+00,
       5.29789047e+01, 4.47395058e+01, 2.74459305e+01, 2.48719482e+01,
       2.61911125e+01, 1.98022480e+01, 1.31716270e+01, 9.22783661e+00,
       1.51852245e+01, 1.27675581e+01, 1.29791222e+01, 1.51247320e+01,
       1.91573868e+01, 1.56196995e+01, 1.30589933e+01, 1.22889719e+01,
       1.21974297e+01, 4.97325478e+01, 2.43819046e+01, 1.61890793e+01,
       1.55209846e+01, 1.38485003e+01, 1.22602777e+01, 1.59503212e+01,
       3.10526752e+01, 8.12278366e+01, 5.17313690e+01, 2.31386509e+01,
       1.15963593e+01, 6.25374699e+00, 5.35481787e+00, 8.85289097e+00,
       3.14415417e+01, 2.63831902e+01, 3.05588856e+01, 2.67823334e+01,
       1.96425056e+01, 1.15258026e+01, 6.01638079e+00, 5.71145582e+00,
       1.04459314e+01, 2.83624058e+01, 1.26188517e+01, 8.18891335e+00,
       1.04165125e+01, 1.62636280e+01, 1.34755392e+01, 1.15180807e+01,
       1.93441906e+01, 4.14684944e+01, 2.17721367e+01, 1.20571661e+01,
       1.87252064e+01, 3.09252872e+01, 1.91859894e+01, 1.45119658e+01,
       2.19155827e+01, 7.16151352e+01, 2.54072075e+01, 8.33900642e+00,
       1.08811493e+01, 2.45872116e+01, 2.43775597e+01, 1.97217503e+01,
       3.50620880e+01, 1.49663658e+01, 6.78582859e+00, 5.86094141e+00,
       1.94766026e+01, 6.72116470e+01, 4.15018616e+01, 1.42065945e+01,
       1.17835684e+01, 4.16286926e+01, 1.88078976e+01, 1.02020741e+01,
       1.40416117e+01, 2.19599857e+01, 1.66503601e+01, 1.15285835e+01,
       2.29224949e+01, 5.77294617e+01, 2.75081100e+01, 2.04355240e+01,
       4.22789154e+01, 6.06938362e+01, 2.85418777e+01, 9.94110680e+00,
       1.49643717e+01, 1.25666588e+02, 4.65729866e+01, 1.15822926e+01,
       1.51308174e+01, 2.98625374e+01, 1.87890205e+01, 9.76974297e+00,
       3.10763111e+01, 2.39933548e+01, 6.89577293e+00, 5.27452850e+00,
       3.57517967e+01, 1.08846855e+02, 5.07355766e+01, 9.44722176e+00,
       9.01714993e+00, 4.16640549e+01, 2.29340611e+01, 1.20779057e+01,
       1.65216713e+01, 2.16906414e+01, 1.41063557e+01, 9.88420677e+00,
       1.93435268e+01, 5.75075798e+01, 1.48616066e+01, 1.00393515e+01,
       2.90845528e+01, 6.03694534e+01, 4.18517685e+01, 2.06874504e+01,
       2.76387939e+01, 1.25907082e+02, 3.12735996e+01, 1.02030048e+01,
       1.89438992e+01, 2.97705421e+01, 1.50396175e+01, 1.15717897e+01,
       4.57617683e+01, 2.38080311e+01, 9.24621201e+00, 9.96503639e+00,
       5.14017563e+01, 1.09176689e+02, 3.51071548e+01, 4.68266439e+00,
       6.32876921e+00, 2.84345932e+01, 1.96867867e+01, 1.16148634e+01,
       1.34123907e+01, 1.60757790e+01, 1.00396175e+01, 7.79247570e+00,
       1.24986715e+01, 4.16131363e+01, 2.20062485e+01, 1.48721094e+01,
       1.98154755e+01, 3.13169384e+01, 1.84692917e+01, 1.17609682e+01,
       2.12856960e+01, 7.20591660e+01, 3.48186684e+01, 2.01007729e+01,
       2.43703823e+01, 2.39755402e+01, 1.07491360e+01, 8.23464584e+00,
       2.46939659e+01, 1.47761240e+01, 1.14692907e+01, 1.38965712e+01,
       4.07874260e+01, 6.74532089e+01, 2.01318817e+01, 5.66777468e+00,
       6.53004551e+00, 1.55367613e+01, 1.55006170e+01, 1.26027889e+01,
       1.03819370e+01, 1.15304050e+01, 9.42282486e+00, 7.73408604e+00,
       9.43174267e+00, 2.84923630e+01, 1.89296093e+01, 1.31199131e+01,
       1.10210609e+01, 1.34360123e+01, 1.91992226e+01, 2.26553459e+01,
       2.52178173e+01, 1.66009865e+01, 1.57708950e+01, 1.25249033e+01,
       1.12936153e+01, 2.01673470e+01, 3.27639694e+01, 2.62304344e+01,
       1.58802776e+01, 1.65681629e+01, 1.47186222e+01, 1.04959679e+01,
       7.72877359e+00, 1.15630398e+01, 1.72330894e+01, 1.33724508e+01,
       1.18362589e+01, 3.76522141e+01, 1.95711040e+01, 1.46728964e+01,
       1.49382410e+01, 1.95075417e+01, 1.75999432e+01, 9.90608120e+00,
       1.41766434e+01, 1.26319702e+02, 3.09241066e+01, 8.15937805e+00,
       6.20358610e+00, 1.19271421e+01, 3.13194199e+01, 4.87053413e+01,
       8.21993179e+01, 2.93456039e+01, 9.19931698e+00, 5.78768635e+00,
       1.08600702e+01, 6.50538864e+01, 1.15020020e+02, 6.93289032e+01,
       3.38706017e+01, 2.40140400e+01, 1.68479271e+01, 9.67071438e+00,
