%YAML:1.0
---
vocabulary: !!opencv-matrix
   rows: 10
   cols: 128
   dt: f
   data: [ 2.87142849e+01, 1.27922077e+01, 1.06753244e+01,
       9.71428585e+00, 8.10389614e+00, 5.32467544e-01, 7.79220760e-01,
       5.15584421e+00, 1.25168831e+02, 2.99480515e+01, 1.11038961e+01,
       7.18181801e+00, 3.16883111e+00, 5.19480526e-01, 2.48051953e+00,
       6.12987022e+01, 7.62727280e+01, 1.53636360e+01, 9.,
       3.11558437e+01, 3.56363640e+01, 8.01298714e+00, 1.18311691e+01,
       5.17402611e+01, 1.33376627e+01, 9.79220772e+00, 1.60389614e+01,
       4.81688309e+01, 3.96233749e+01, 1.10649347e+01, 8.66233730e+00,
       1.01688309e+01, 4.31688309e+01, 1.01298704e+01, 5.81818199e+00,
       1.04415588e+01, 9.41558456e+00, 1.36363637e+00, 1.05194807e+00,
       4.61038971e+00, 1.43558441e+02, 4.93246765e+01, 1.36233768e+01,
       9.58441544e+00, 5.23376608e+00, 1.29870129e+00, 2.25974035e+00,
       5.16103897e+01, 7.75974045e+01, 2.35454540e+01, 5.50649338e+01,
       1.00467529e+02, 5.30519485e+01, 9.19480515e+00, 5.75324678e+00,
       25., 1.52207794e+01, 1.47402601e+01, 5.75454559e+01,
       8.76233749e+01, 3.34935074e+01, 3.31168842e+00, 1.45454550e+00,
       5.59740257e+00, 2.26753254e+01, 1.31428576e+01, 2.42857146e+00,
       5.01298714e+00, 6.45454550e+00, 3.62337661e+00, 3.37662339e+00,
       4.92207813e+00, 1.13129868e+02, 1.29350647e+02, 8.07402573e+01,
       1.95194798e+01, 2.45454550e+00, 1.92207789e+00, 2.87012982e+00,
       6.75324678e+00, 1.75844154e+01, 4.28181801e+01, 1.16090912e+02,
       1.19428574e+02, 2.61688309e+01, 1.71428573e+00, 5.58441579e-01,
       2.63636374e+00, 1.74285717e+01, 1.50259743e+01, 5.83376617e+01,
       6.51038971e+01, 8.72727299e+00, 9.74025965e-01, 6.36363626e-01,
       7.36363649e+00, 3.66233754e+00, 4.57142878e+00, 1.44155848e+00,
       2.76623368e+00, 3.75324678e+00, 3.25974035e+00, 3.44155836e+00,
       5.49350643e+00, 4.49350643e+00, 1.96883125e+01, 2.15454540e+01,
       3.84415579e+00, 2.42857146e+00, 5.01298714e+00, 3.84415579e+00,
       2.64935064e+00, 7.14285707e+00, 8.84415627e+00, 3.11948051e+01,
       1.52597399e+01, 2.98701310e+00, 5.06493521e+00, 3.85714293e+00,
       4.98701286e+00, 1.13896103e+01, 8.57142830e+00, 1.38701296e+01,
       6.72727251e+00, 1.28571427e+00, 4.02597380e+00, 4.28571415e+00,
       5.58441544e+00, 3.91250000e+01, 1.09499998e+01, 3.49999994e-01,
       3.85000014e+00, 8.52500057e+00, 2.90000010e+00, 1.74999997e-01,
       5.37500000e+00, 1.37925003e+02, 2.63500004e+01, 4.00000006e-01,
       2.07500005e+00, 9.52500057e+00, 1.05250006e+01, 6.42500019e+00,
       4.66749992e+01, 4.07999992e+01, 8.57499981e+00, 1.77499998e+00,
       2.26000004e+01, 76., 3.32500000e+01, 8.75000000e+00,
       1.51750002e+01, 1.36250000e+01, 7.20000029e+00, 2.37500000e+00,
       1.24250002e+01, 3.10249996e+01, 1.72749996e+01, 5.87500000e+00,
       7.52500010e+00, 5.79500008e+01, 5.50000000e+00, 5.00000007e-02,
       3.15000010e+00, 1.00749998e+01, 5.59999990e+00, 1.37500000e+00,
       4., 1.55850006e+02, 2.07500000e+01, 3.49999994e-01,
       2.52500010e+00, 1.45749998e+01, 1.38750000e+01, 6.37500000e+00,
       4.53250008e+01, 5.75250015e+01, 6.77500010e+00, 1.64999998e+00,
       2.41250000e+01, 1.18650002e+02, 6.17000008e+01, 8.94999981e+00,
       1.78000011e+01, 2.28999996e+01, 1.15500002e+01, 3.72500014e+00,
       1.11999998e+01, 4.09000015e+01, 1.86750011e+01, 7.,
       1.58249998e+01, 5.74249992e+01, 3.90000010e+00, 1.50000006e-01,
       1.85000002e+00, 7.09999990e+00, 9.32499981e+00, 1.67500007e+00,
       5.32500029e+00, 1.56350006e+02, 4.21500015e+01, 3.07500005e+00,
       8.35000038e+00, 1.36250000e+01, 6.45000029e+00, 2.17499995e+00,
       2.33750000e+01, 6.44500046e+01, 1.46500006e+01, 4.95000029e+00,
       3.52250023e+01, 1.24474998e+02, 4.45499992e+01, 4.02500010e+00,
       7.42500019e+00, 2.28999996e+01, 1.05749998e+01, 2.87500000e+00,
       7.72499990e+00, 5.07750015e+01, 2.37000008e+01, 5.84999990e+00,
       8.55000019e+00, 3.95750008e+01, 4.67500019e+00, 2.50000000e-01,
       6.50000036e-01, 3.60000014e+00, 6.12500000e+00, 2.42499995e+00,
       1.70249996e+01, 1.43699997e+02, 3.93750000e+01, 3.75000000e+00,
       6.70000029e+00, 8.50000000e+00, 3.25000000e+00, 3.62500000e+00,
       3.55000000e+01, 5.31749992e+01, 1.59250002e+01, 7.92500019e+00,
       2.31250000e+01, 8.15750046e+01, 2.63000011e+01, 1.82500005e+00,
       8.35000038e+00, 1.52250004e+01, 5.95000029e+00, 2.87500000e+00,
       1.06750002e+01, 4.72750015e+01, 2.33750000e+01, 3.17499995e+00,
       6.87500000e+00, 7.52941191e-01, 3., 3.15294123e+00,
       2.08235288e+00, 3.38823533e+00, 3.52941179e+00, 1.41176474e+00,
       2.54117656e+00, 2.40000010e+00, 3.28235292e+00, 4.95294142e+00,
       3.20000005e+00, 1.92941177e+00, 3.34117651e+00, 2.13176479e+01,
       1.66352940e+01, 7.62352943e+00, 8.23529434e+00, 3.91764712e+00,
       2.03529406e+00, 1.27058828e+00, 1.44823532e+01, 2.61764717e+01,
       6.47058821e+00, 1.29882355e+01, 9.70588207e+00, 4.16470575e+00,
       1.74117649e+00, 7.64705896e-01, 5.01176500e+00, 8.62352943e+00,
       9.97647095e+00, 2.08352947e+01, 1.14117646e+00, 1.92941177e+00,
       3.32941175e+00, 7.95294142e+00, 9.11764717e+00, 2.76470590e+00,
       1.20352945e+01, 1.12141182e+02, 3.89411783e+00, 1.18823528e+00,
       1.47058821e+00, 2.60000014e+00, 2.16352940e+01, 8.33882370e+01,
       1.27847061e+02, 1.75529423e+01, 5.03529406e+00, 1.32941175e+00,
       6.70588255e-01, 2.53058834e+01, 1.29117645e+02, 1.13164711e+02,
       3.57764702e+01, 1.78470592e+01, 1.01058826e+01, 3.29411769e+00,
       1.07058823e+00, 9.35294151e+00, 5.81647072e+01, 4.96470604e+01,
       1.94705887e+01, 3.98588257e+01, 4.48235321e+00, 4.35294122e-01,
       1.94117653e+00, 1.29647064e+01, 1.63294125e+01, 6.58823538e+00,
       8.42352962e+00, 1.42694122e+02, 4.67647057e+01, 1.29411769e+00,
       1.04705882e+00, 5.96470594e+00, 1.17647057e+01, 1.35176477e+01,
       4.62705879e+01, 7.92588272e+01, 1.61647053e+01, 3.44705892e+00,
       6.71764708e+00, 5.93294144e+01, 1.12776474e+02, 5.35764732e+01,
       2.29411774e+01, 1.68823528e+01, 6.41176462e+00, 1.50588238e+00,
       2.78823543e+00, 4.07176476e+01, 9.17058868e+01, 5.32000008e+01,
       1.91882362e+01, 2.63999996e+01, 5.11764717e+00, 2.70588249e-01,
       1.75294125e+00, 1.33882351e+01, 1.73294125e+01, 1.11411762e+01,
       1.38705883e+01, 1.30035294e+02, 5.05176468e+01, 1.71764708e+00,
       8.35294127e-01, 4.77647066e+00, 7.70588255e+00, 1.16000004e+01,
       3.66000023e+01, 8.57882385e+01, 3.51529427e+01, 8.65882397e+00,
       1.02470589e+01, 4.01294136e+01, 3.64235306e+01, 1.14352942e+01,
       1.64470596e+01, 9.97647095e+00, 6.78823566e+00, 5.58823538e+00,
       1.15176477e+01, 5.07294121e+01, 5.48352966e+01, 1.55529413e+01,
       6.90588236e+00, 3.05606079e+01, 7.31818199e+00, 3.51515150e+00,
       7.69696999e+00, 2.91969700e+01, 2.51969700e+01, 1.41363640e+01,
       2.72424259e+01, 4.49242439e+01, 1.35303030e+01, 1.11969700e+01,
       2.33484859e+01, 6.68787918e+01, 3.41969719e+01, 9.63636398e+00,
       1.54393940e+01, 87., 2.65454559e+01, 9.63636398e+00,
       1.30606060e+01, 1.83181820e+01, 1.36515160e+01, 8.51515198e+00,
       2.27121220e+01, 1.99393940e+01, 5.40909100e+00, 2.09090924e+00,
       6.84848499e+00, 3.42727280e+01, 3.05000000e+01, 8.65151501e+00,
       1.05303030e+01, 3.56666679e+01, 1.51818190e+01, 1.21969700e+01,
       1.92272739e+01, 3.68181839e+01, 2.25000000e+01, 7.84848499e+00,
       1.70606060e+01, 4.38181839e+01, 1.90303040e+01, 2.33484859e+01,
       6.51363678e+01, 1.00727272e+02, 3.90303040e+01, 3.63636374e+00,
       5.75757599e+00, 1.33984848e+02, 4.94393959e+01, 1.52575760e+01,
       1.84545460e+01, 1.87575760e+01, 1.00909090e+01, 3.93939400e+00,
       1.85454559e+01, 3.60909119e+01, 5.51515150e+00, 1.53030312e+00,
       1.43939400e+01, 4.89090919e+01, 2.51515160e+01, 5.75757599e+00,
